<<<<<<< HEAD
b 0 11 12 13 14 15 16 17 18 19 20 21 22 23 24 25 26 27 28 29 30 31 32 33 34 35 36 37 38 39 40
b 1 41 42 43 44 45 46 47 48 49 50 51 52 53 54 55 56 57 58 59 60 61 62 63 64 65 66 67 68 69 70
b 2 71 72 73 74 75 76 77 78 79 80 81 82 83 84 85 86 87 88 89 90 91 92 93 94 95 96 97 98 99 100
b 3 101 102 103 104 105 106 107 108 109 110 111 112 113 114 115 116 117 118 119 120 121 122 123 124 125 126 127 128 129 130
b 4 131 132 133 134 135 136 137 138 139 140 141 142 143 144 145 146 147 148 149 150 151 152 153 154 155 156 157 158 159 160
b 5 161 162 163 164 165 166 167 168 169 170 171 172 173 174 175 176 177 178 179 180 181 182 183 184 185 186 187 188 189 190
b 6 191 192 193 194 195 196 197 198 199 200 201 202 203 204 205 206 207 208 209 210 211 212 213 214 215 216 217 218 219 220
b 7 221 222 223 224 225 226 227 228 229 230 231 232 233 234 235 236 237 238 239 240 241 242 243 244 245 246 247 248 249 250
b 8 251 252 253 254 255 256 257 258 259 260 261 262 263 264 265 266 267 268 269 270 271 272 273 274 275 276 277 278 279 280
b 9 281 282 283 284 285 286 287 288 289 290 291 292 293 294 295 296 297 298 299 300 301 302 303 304 305 306 307 308 309 310
b 10 311 312 313 314 315 316 317 318 319 320 321 322 323 324 325 326 327 328 329 330 331 332 333 334 335 336 337 338 339 340
<<<<<<< Updated upstream
c 92 341 342 343 344 345
c 243 346 347 348 349 350
c 144 351 352 353 354 355
c 171 356 357 358 359 360
c 325 361 362 363 364 365
c 191 366 367 368 369 370
c 171 371 372 373 374 375
c 279 376 377 378 379 380
c 258 381 382 383 384 385
c 124 386 387 388 389 390
c 223 391 392 393 394 395
c 288 396 397 398 399 400
c 6 401 402 403 404 405
c 62 406 407 408 409 410
c 336 411 412 413 414 415
c 285 416 417 418 419 420
c 189 421 422 423 424 425
c 149 426 427 428 429 430
c 60 431 432 433 434 435
c 212 436 437 438 439 440
c 105 441 442 443 444 445
c 287 446 447 448 449 450
c 292 451 452 453 454 455
c 190 456 457 458 459 460
c 29 461 462 463 464 465
c 62 466 467 468 469 470
c 14 471 472 473 474 475
c 202 476 477 478 479 480
c 205 481 482 483 484 485
c 308 486 487 488 489 490
c 49 491 492 493 494 495
c 8 496 497 498 499 500
c 183 501 502 503 504 505
c 197 506 507 508 509 510
c 250 511 512 513 514 515
c 121 516 517 518 519 520
c 221 521 522 523 524 525
c 241 526 527 528 529 530
c 255 531 532 533 534 535
c 314 536 537 538 539 540
c 182 541 542
=======
c 163 341 342 343 344 345
c 335 346 347 348 349 350
c 207 351 352 353 354 355
c 90 356 357 358 359 360
c 339 361 362 363 364 365
c 94 366 367 368 369 370
c 236 371 372 373 374 375
c 322 376 377 378 379 380
c 31 381 382 383 384 385
c 114 386 387 388 389 390
c 172 391 392 393 394 395
c 135 396 397 398 399 400
c 140 401 402 403 404 405
c 172 406 407 408 409 410
c 77 411 412 413 414 415
c 237 416 417 418 419 420
c 301 421 422 423 424 425
c 162 426 427 428 429 430
c 242 431 432 433 434 435
c 310 436 437 438 439 440
c 288 441 442 443 444 445
c 252 446 447 448 449 450
c 47 451 452 453 454 455
c 135 456 457 458 459 460
c 220 461 462 463 464 465
c 176 466 467 468 469 470
c 84 471 472 473 474 475
c 156 476 477 478 479 480
c 15 481 482 483 484 485
c 7 486 487 488 489 490
c 55 491 492 493 494 495
c 335 496 497 498 499 500
c 173 501 502 503 504 505
c 173 506 507 508 509 510
c 99 511 512 513 514 515
c 264 516 517 518 519 520
c 186 521 522 523 524 525
c 209 526 527 528 529 530
c 38 531 532 533 534 535
c 154 536 537 538 539 540
c 239 541 542
>>>>>>> Stashed changes
=======
b 0 40 36 37 38 39 34 35 33 32 16 15 14 13 12 11 17 18 19 20 21 22 23 24 25 26 27 28 29 30 31
b 1 61 44 43 42 41 45 46 47 48 50 49 53 52 51 63 62 64 65 54 67 66 55 56 57 58 59 60 70 68 69
b 2 90 89 100 99 98 93 94 91 92 95 96 97 71 72 73 74 75 87 86 85 84 83 82 81 80 79 78 77 76 88
b 3 109 117 119 118 110 107 116 104 101 102 103 120 111 121 122 108 115 123 113 114 112 105 129 128 125 126 127 106 130 124
b 4 158 159 160 157 156 155 154 153 152 151 133 132 134 135 136 137 138 139 145 144 149 146 148 147 140 141 142 143 150 131
b 5 189 183 187 188 182 186 185 184 190 181 180 165 166 173 177 171 167 169 170 164 163 178 179 174 176 175 161 162 172 168
b 6 202 201 200 199 198 197 191 203 196 195 193 194 192 204 205 206 208 207 209 215 216 220 219 218 217 212 211 210 214 213
b 7 221 222 224 223 225 226 234 233 232 231 230 229 228 227 235 236 238 237 239 240 241 242 247 245 246 249 250 248 243 244
b 8 261 256 255 254 258 267 266 252 253 260 259 257 274 275 276 277 279 278 280 270 269 271 264 265 251 268 272 263 262 273
b 9 287 286 285 283 289 291 288 281 282 284 297 296 295 298 299 300 303 302 301 304 305 306 310 309 307 308 294 293 292 290
b 10 340 339 337 311 312 313 315 314 330 329 328 331 318 320 317 316 327 326 319 324 323 322 321 325 332 333 334 335 336 338
c 167 341 342 343 344 345
c 173 346 347 348 349 350
c 232 351 352 353 354 355
c 71 356 357 358 359 360
c 216 361 362 363 364 365
c 242 366 367 368 369 370
c 79 371 372 373 374 375
c 278 376 377 378 379 380
c 159 381 382 383 384 385
c 266 386 387 388 389 390
c 64 391 392 393 394 395
c 44 396 397 398 399 400
c 238 401 402 403 404 405
c 198 406 407 408 409 410
c 116 411 412 413 414 415
c 87 416 417 418 419 420
c 87 421 422 423 424 425
c 50 426 427 428 429 430
c 80 431 432 433 434 435
c 244 436 437 438 439 440
c 8 441 442 443 444 445
c 172 446 447 448 449 450
c 184 451 452 453 454 455
c 313 456 457 458 459 460
c 212 461 462 463 464 465
c 184 466 467 468 469 470
c 188 471 472 473 474 475
c 323 476 477 478 479 480
c 139 481 482 483 484 485
c 331 486 487 488 489 490
c 183 491 492 493 494 495
c 77 496 497 498 499 500
c 288 501 502 503 504 505
c 276 506 507 508 509 510
c 305 511 512 513 514 515
c 283 516 517 518 519 520
c 254 521 522 523 524 525
c 16 526 527 528 529 530
c 183 531 532 533 534 535
c 236 536 537 538 539 540
c 102 541 542
>>>>>>> master
